 X_km Y_km D_km lon lat slip_m rake_deg                    timing_sec strike dip
   208.52492       2.8638306       27.353615       86.835243       28.172752       76.740379       40.055119       81.639603       290.00000       10.000000    
   194.42953       7.9941330       27.353615       86.692307       28.218889       4.8057084       49.456913       76.563095       290.00000       10.000000    
   180.33414       13.124435       27.353615       86.549248       28.265024       4.6498170       87.665901       75.036858       290.00000       10.000000    
   166.23874       18.254738       27.353615       86.406067       28.311161       6.0992656       57.908798       81.248512       290.00000       10.000000    
   152.14336       23.385036       27.353615       86.262764       28.357296       4.1302924       132.26328       58.819771       290.00000       10.000000    
   138.04797       28.515339       27.353615       86.119339       28.403433       31.891642       85.092888       74.696335       290.00000       10.000000    
   123.95258       33.645638       27.353615       85.975784       28.449568       12.731996       46.595268       78.221596       290.00000       10.000000    
   109.85719       38.775940       27.353615       85.832108       28.495705       202.03748       119.66416       31.190880       290.00000       10.000000    
   95.761803       43.906242       27.353615       85.688309       28.541840       30.183455       97.176628       73.871002       290.00000       10.000000    
   81.666412       49.036545       27.353615       85.544380       28.587975       49.295677       93.565437       70.906548       290.00000       10.000000    
   67.571022       54.166847       27.353615       85.400330       28.634111       109.93020       136.25029       38.396305       290.00000       10.000000    
   53.475636       59.297150       27.353615       85.256149       28.680246       9.8411827       108.22936       73.864700       290.00000       10.000000    
   39.380245       64.427444       27.353615       85.111839       28.726383       65.128044       91.869987       30.397263       290.00000       10.000000    
   25.284859       69.557747       27.353615       84.967407       28.772518       48.314304       67.327309       24.208433       290.00000       10.000000    
   11.189468       74.688049       27.353615       84.822845       28.818655       52.324158       139.64032       39.212540       290.00000       10.000000    
  -2.9059219       79.818352       27.353615       84.678162       28.864790       95.962372       65.851570       24.925356       290.00000       10.000000    
  -17.001312       84.948654       27.353615       84.533340       28.910927       87.652573       139.97951       39.954178       290.00000       10.000000    
   203.47256      -11.017418       24.748892       86.781288       28.047922       4.7917709       52.539677       80.808327       290.00000       10.000000    
   189.37717      -5.8871155       24.748892       86.638489       28.094057       16.691267       111.27811       67.696098       290.00000       10.000000    
   175.28177     -0.75681496       24.748892       86.495575       28.140194       6.4943547       43.146275       82.045807       290.00000       10.000000    
   161.18639       4.3734875       24.748892       86.352531       28.186329       3.8108974       79.077538       74.160667       290.00000       10.000000    
   147.09100       9.5037880       24.748892       86.209373       28.232466       4.2858062       100.57624       71.609085       290.00000       10.000000    
   132.99561       14.634090       24.748892       86.066086       28.278601       3.4470961       61.110874       113.44267       290.00000       10.000000    
   118.90022       19.764389       24.748892       85.922676       28.324738       32.521942       70.525047       77.739944       290.00000       10.000000    
   104.80483       24.894691       24.748892       85.779144       28.370872       3.2976198       133.69147       74.622391       290.00000       10.000000    
   90.709442       30.024994       24.748892       85.635490       28.417007       55.782246       139.92725       62.843910       290.00000       10.000000    
   76.614052       35.155296       24.748892       85.491707       28.463144       269.66086       110.48745       22.431059       290.00000       10.000000    
   62.518661       40.285599       24.748892       85.347801       28.509279       9.4762173       122.56494       29.524773       290.00000       10.000000    
   48.423275       45.415901       24.748892       85.203766       28.555416       26.292150       110.67120       29.421526       290.00000       10.000000    
   34.327885       50.546204       24.748892       85.059608       28.601551       25.341396       105.61432       27.079763       290.00000       10.000000    
   20.232498       55.676498       24.748892       84.915329       28.647688       7.7828202       83.695557       16.630093       290.00000       10.000000    
   6.1371078       60.806801       24.748892       84.770920       28.693823       15.968935       86.878235       32.226402       290.00000       10.000000    
  -7.9582825       65.937103       24.748892       84.626381       28.739960       11.704735       65.689827       21.682827       290.00000       10.000000    
  -22.053673       71.067406       24.748892       84.481712       28.786095       8.9634800       134.39639       33.515232       290.00000       10.000000    
   198.42020      -24.898666       22.144169       86.727470       27.923090       3.6000266       52.658184       84.312271       290.00000       10.000000    
   184.32480      -19.768364       22.144169       86.584808       27.969227       6.4281268       114.26521       69.508202       290.00000       10.000000    
   170.22942      -14.638063       22.144169       86.442032       28.015362       12.099128       128.70576       69.296951       290.00000       10.000000    
   156.13403      -9.5077610       22.144169       86.299133       28.061499       3.1654434       82.322540       89.610176       290.00000       10.000000    
   142.03864      -4.3774605       22.144169       86.156113       28.107634       3.7886586       132.76678       71.505486       290.00000       10.000000    
   127.94325      0.75284195       22.144169       86.012970       28.153770       4.8469620       84.984528       71.872955       290.00000       10.000000    
   113.84786       5.8831425       22.144169       85.869698       28.199905       3.9269176       118.55286       68.379753       290.00000       10.000000    
   99.752472       11.013443       22.144169       85.726311       28.246040       75.332825       139.93167       59.763416       290.00000       10.000000    
   85.657082       16.143745       22.144169       85.582802       28.292177       224.58798       119.08527       24.918352       290.00000       10.000000    
   71.561691       21.274048       22.144169       85.439163       28.338312       15.706682       104.13235       63.703873       290.00000       10.000000    
   57.466301       26.404350       22.144169       85.295403       28.384449       72.160110       93.792488       27.912699       290.00000       10.000000    
   43.370914       31.534649       22.144169       85.151520       28.430584       139.86716       115.25761       14.636108       290.00000       10.000000    
   29.275524       36.664951       22.144169       85.007507       28.476721       61.866524       110.74968       16.899925       290.00000       10.000000    
   15.180138       41.795250       22.144169       84.863373       28.522856       7.5592494       73.124016       28.181417       290.00000       10.000000    
   1.0847473       46.925552       22.144169       84.719109       28.568993       18.634319       98.120422       33.469463       290.00000       10.000000    
  -13.010643       52.055855       22.144169       84.574722       28.615128       3.7998421       61.579224       22.059439       290.00000       10.000000    
  -27.106033       57.186157       22.144169       84.430206       28.661263       61.785904       52.517387       23.791977       290.00000       10.000000    
   193.36783      -38.779915       19.539446       86.673782       27.798260       20.471163       71.837448       72.233177       290.00000       10.000000    
   179.27245      -33.649612       19.539446       86.531258       27.844395       32.145920       125.51483       62.526237       290.00000       10.000000    
   165.17706      -28.519312       19.539446       86.388618       27.890532       12.377407       100.92518       71.048737       290.00000       10.000000    
   151.08167      -23.389009       19.539446       86.245865       27.936666       15.648973       72.034668       78.942589       290.00000       10.000000    
   136.98628      -18.258709       19.539446       86.102982       27.982801       26.520260       115.84798       70.691086       290.00000       10.000000    
   122.89088      -13.128407       19.539446       85.959976       28.028938       4.3540602       120.61229       65.866310       290.00000       10.000000    
   108.79550      -7.9981060       19.539446       85.816856       28.075073       3.3468220       136.22227       57.984531       290.00000       10.000000    
   94.700111      -2.8678055       19.539446       85.673607       28.121210       3.9035242       134.51196       66.742607       290.00000       10.000000    
   80.604721       2.2624969       19.539446       85.530235       28.167345       52.208267       123.96191       23.629339       290.00000       10.000000    
   66.509331       7.3927994       19.539446       85.386749       28.213482       223.93710       116.95039       23.756554       290.00000       10.000000    
   52.413940       12.523102       19.539446       85.243134       28.259617       255.30315       135.04965       18.756205       290.00000       10.000000    
   38.318554       17.653400       19.539446       85.099388       28.305754       201.34856       111.23987       13.796156       290.00000       10.000000    
   24.223164       22.783703       19.539446       84.955528       28.351889       80.329613       121.86077       17.541454       290.00000       10.000000    
   10.127777       27.914001       19.539446       84.811539       28.398026       102.52241       99.330154       11.880430       290.00000       10.000000    
  -3.9676132       33.044304       19.539446       84.667419       28.444160       4.5411153       96.155510       15.915844       290.00000       10.000000    
  -18.063004       38.174606       19.539446       84.523178       28.490295       7.8972001       81.720306       29.011496       290.00000       10.000000    
  -32.158394       43.304909       19.539446       84.378815       28.536432       28.362417       47.888123       27.078512       290.00000       10.000000    
   188.31548      -52.661163       16.934723       86.620224       27.673428       3.6436892       67.037300       113.82964       290.00000       10.000000    
   174.22009      -47.530861       16.934723       86.477844       27.719564       3.3854516       55.707615       87.641724       290.00000       10.000000    
   160.12469      -42.400558       16.934723       86.335342       27.765699       55.048763       121.63817       67.717331       290.00000       10.000000    
   146.02930      -37.270256       16.934723       86.192719       27.811834       7.9279423       56.274204       90.935379       290.00000       10.000000    
   131.93391      -32.139957       16.934723       86.049980       27.857971       64.297050       133.92250       57.640366       290.00000       10.000000    
   117.83853      -27.009655       16.934723       85.907120       27.904106       121.16054       139.75456       66.862022       290.00000       10.000000    
   103.74314      -21.879354       16.934723       85.764137       27.950243       3.2676275       43.282112       31.096310       290.00000       10.000000    
   89.647751      -16.749054       16.934723       85.621033       27.996378       6.0844307       113.22507       57.073509       290.00000       10.000000    
   75.552361      -11.618752       16.934723       85.477806       28.042515       185.83931       118.28274       27.862658       290.00000       10.000000    
   61.456970      -6.4884491       16.934723       85.334457       28.088650       187.74287       115.17709       18.862936       290.00000       10.000000    
   47.361580      -1.3581486       16.934723       85.190979       28.134787       234.81656       124.19024       23.828619       290.00000       10.000000    
   33.266193       3.7721519       16.934723       85.047386       28.180922       294.89905       105.26766       9.9006577       290.00000       10.000000    
   19.170803       8.9024544       16.934723       84.903671       28.227057       50.394276       109.75041       8.1913700       290.00000       10.000000    
   5.0754166       14.032753       16.934723       84.759827       28.273193       57.507065       112.45422       9.6545944       290.00000       10.000000    
  -9.0199738       19.163055       16.934723       84.615860       28.319328       105.54290       104.12765       6.9786162       290.00000       10.000000    
  -23.115364       24.293358       16.934723       84.471764       28.365465       5.1068268       48.633221       28.062721       290.00000       10.000000    
  -37.210754       29.423660       16.934723       84.327545       28.411600       19.784916       51.914261       27.991146       290.00000       10.000000    
   183.26312      -66.542412       14.330000       86.566803       27.548595       3.2525988       60.149570       77.878876       290.00000       10.000000    
   169.16772      -61.412109       14.330000       86.424561       27.594732       3.2230406       113.51968       92.688179       290.00000       10.000000    
   155.07233      -56.281807       14.330000       86.282196       27.640867       4.8854084       128.75946       62.510098       290.00000       10.000000    
   140.97694      -51.151505       14.330000       86.139709       27.687004       3.3134036       109.24573       91.189323       290.00000       10.000000    
   126.88156      -46.021206       14.330000       85.997108       27.733139       3.1438935       102.36477       54.734688       290.00000       10.000000    
   112.78616      -40.890903       14.330000       85.854385       27.779276       78.924805       139.98123       55.021244       290.00000       10.000000    
   98.690781      -35.760605       14.330000       85.711540       27.825411       3.2013445       40.246269       70.820038       290.00000       10.000000    
   84.595390      -30.630302       14.330000       85.568581       27.871548       3.2347612       40.573574       86.864670       290.00000       10.000000    
   70.500000      -25.500000       14.330000       85.425491       27.917683       3.1144433       63.817482       28.262417       290.00000       10.000000    
   56.404610      -20.369698       14.330000       85.282288       27.963820       62.388306       83.249710       26.702175       290.00000       10.000000    
   42.309219      -15.239397       14.330000       85.138962       28.009954       3.9199429       114.72742       16.265043       290.00000       10.000000    
   28.213833      -10.109096       14.330000       84.995506       28.056089       8.2731218       98.203461       14.073918       290.00000       10.000000    
   14.118443      -4.9787941       14.330000       84.851936       28.102226       9.0836487       122.72125       12.543822       290.00000       10.000000    
  2.30560303E-02  0.15150642       14.330000       84.708237       28.148361       14.180416       58.330723       0.0000000       290.00000       10.000000    
  -14.072334       5.2818089       14.330000       84.564415       28.194498       60.026718       74.376259       3.9922671       290.00000       10.000000    
  -28.167725       10.412109       14.330000       84.420471       28.240633       9.1532640       109.05735       8.4497719       290.00000       10.000000    
  -42.263115       15.542412       14.330000       84.276398       28.286770       4.4266248       70.623169       18.897120       290.00000       10.000000    
   178.21075      -80.423660       11.725277       86.513512       27.423765       3.1424000       109.95567       113.80862       290.00000       10.000000    
   164.11536      -75.293358       11.725277       86.371399       27.469900       3.4923651       95.585335       74.097130       290.00000       10.000000    
   150.01997      -70.163055       11.725277       86.229172       27.516037       3.4908926       42.076748       110.49618       290.00000       10.000000    
   135.92459      -65.032753       11.725277       86.086830       27.562172       3.2287984       116.89887       60.480019       290.00000       10.000000    
   121.82919      -59.902454       11.725277       85.944366       27.608309       3.2063551       50.913937       79.994331       290.00000       10.000000    
   107.73381      -54.772152       11.725277       85.801781       27.654444       107.74236       40.005638       81.980988       290.00000       10.000000    
   93.638420      -49.641853       11.725277       85.659073       27.700581       133.11629       40.015457       53.590557       290.00000       10.000000    
   79.543030      -44.511551       11.725277       85.516251       27.746716       209.43993       40.012043       25.670576       290.00000       10.000000    
   65.447639      -39.381248       11.725277       85.373306       27.792850       335.34494       40.020027       67.919281       290.00000       10.000000    
   51.352249      -34.250946       11.725277       85.230240       27.838987       402.81787       93.001076       18.585079       290.00000       10.000000    
   37.256859      -29.120646       11.725277       85.087059       27.885122       95.007118       66.288460       19.910831       290.00000       10.000000    
   23.161472      -23.990345       11.725277       84.943748       27.931259       109.06494       52.653725       11.704329       290.00000       10.000000    
   9.0660820      -18.860043       11.725277       84.800316       27.977394       154.86623       47.168846       10.643928       290.00000       10.000000    
  -5.0293045      -13.729742       11.725277       84.656769       28.023531       94.412506       55.697289       5.7244620       290.00000       10.000000    
  -19.124695      -8.5994396       11.725277       84.513092       28.069666       56.849983       116.25278       11.708181       290.00000       10.000000    
  -33.220085      -3.4691391       11.725277       84.369293       28.115803       4.8077145       93.295891       10.970866       290.00000       10.000000    
  -47.315475       1.6611633       11.725277       84.225365       28.161938       5.0382156       114.66617       13.106492       290.00000       10.000000    
   173.15839      -94.304909       9.1205540       86.460342       27.298933       3.0536356       82.237892       86.328888       290.00000       10.000000    
   159.06300      -89.174606       9.1205540       86.318375       27.345070       3.1521776       55.482632       72.011826       290.00000       10.000000    
   144.96762      -84.044304       9.1205540       86.176277       27.391205       3.4598763       129.07541       68.604607       290.00000       10.000000    
   130.87222      -78.914001       9.1205540       86.034073       27.437342       3.4356070       108.03983       60.226032       290.00000       10.000000    
   116.77684      -73.783707       9.1205540       85.891747       27.483477       186.66228       68.941757       70.766449       290.00000       10.000000    
   102.68144      -68.653397       9.1205540       85.749298       27.529613       222.59564       49.262608       107.81715       290.00000       10.000000    
   88.586060      -63.523102       9.1205540       85.606735       27.575748       340.35559       77.161964       31.154041       290.00000       10.000000    
   74.490669      -58.392799       9.1205540       85.464050       27.621883       288.83450       95.069237       87.377281       290.00000       10.000000    
   60.395279      -53.262497       9.1205540       85.321243       27.668020       425.18317       81.543831       59.664635       290.00000       10.000000    
   46.299889      -48.132195       9.1205540       85.178322       27.714155       449.34158       41.901386       54.886047       290.00000       10.000000    
   32.204498      -43.001892       9.1205540       85.035278       27.760292       448.75586       46.559044       22.271376       290.00000       10.000000    
   18.109112      -37.871593       9.1205540       84.892113       27.806427       199.13573       44.062840       13.526061       290.00000       10.000000    
   4.0137177      -32.741291       9.1205540       84.748825       27.852564       70.137276       77.502373       29.348686       290.00000       10.000000    
  -10.081665      -27.610991       9.1205540       84.605415       27.898699       85.013451       105.06633       12.883459       290.00000       10.000000    
  -24.177055      -22.480688       9.1205540       84.461884       27.944836       4.3134527       81.628166       18.858086       290.00000       10.000000    
  -38.272446      -17.350388       9.1205540       84.318230       27.990971       6.0660305       115.79534       17.511816       290.00000       10.000000    
  -52.367836      -12.220085       9.1205540       84.174454       28.037106       3.6739557       66.843712       21.753441       290.00000       10.000000    
   168.10603      -108.18616       6.5158310       86.407310       27.174103       3.5906341       59.045555       75.428276       290.00000       10.000000    
   154.01065      -103.05585       6.5158310       86.265472       27.220238       3.3521411       69.761635       74.962891       290.00000       10.000000    
   139.91525      -97.925552       6.5158310       86.123512       27.266375       3.2493780       117.49776       110.15611       290.00000       10.000000    
   125.81986      -92.795250       6.5158310       85.981438       27.312510       3.1370740       43.875679       90.429352       290.00000       10.000000    
   111.72447      -87.664948       6.5158310       85.839249       27.358646       4.1606860       49.136078       93.955444       290.00000       10.000000    
   97.629089      -82.534653       6.5158310       85.696945       27.404781       30.160475       64.001640       73.810585       290.00000       10.000000    
   83.533699      -77.404350       6.5158310       85.554512       27.450916       291.88419       62.045155       98.726936       290.00000       10.000000    
   69.438309      -72.274048       6.5158310       85.411972       27.497053       415.78162       74.862862       28.514408       290.00000       10.000000    
   55.342918      -67.143745       6.5158310       85.269302       27.543188       264.94284       52.101940       75.686668       290.00000       10.000000    
   41.247528      -62.013443       6.5158310       85.126518       27.589325       148.99736       57.858543       65.145653       290.00000       10.000000    
   27.152138      -56.883141       6.5158310       84.983620       27.635460       194.67508       60.141903       28.484110       290.00000       10.000000    
   13.056751      -51.752842       6.5158310       84.840591       27.681597       54.389023       40.138668       48.959709       290.00000       10.000000    
  -1.0386353      -46.622540       6.5158310       84.697449       27.727732       51.589394       97.408279       12.886650       290.00000       10.000000    
  -15.134026      -41.492241       6.5158310       84.554184       27.773869       4.9422817       106.82530       32.144093       290.00000       10.000000    
  -29.229416      -36.361938       6.5158310       84.410797       27.820004       4.1112590       124.59332       18.400063       290.00000       10.000000    
  -43.324806      -31.231636       6.5158310       84.267281       27.866138       5.7429061       108.78463       19.541798       290.00000       10.000000    
  -57.420197      -26.101334       6.5158310       84.123650       27.912275       3.6218550       119.78394       18.930107       290.00000       10.000000    
   163.05368      -122.06741       3.9111080       86.354401       27.049271       3.2616942       60.612759       107.45393       290.00000       10.000000    
   148.95828      -116.93710       3.9111080       86.212692       27.095407       3.1843109       122.82770       64.007530       290.00000       10.000000    
   134.86288      -111.80680       3.9111080       86.070869       27.141542       3.4300451       99.653397       61.143230       290.00000       10.000000    
   120.76750      -106.67650       3.9111080       85.928932       27.187677       3.1540380       49.822910       70.391502       290.00000       10.000000    
   106.67212      -101.54620       3.9111080       85.786880       27.233814       3.1338594       128.00066       72.100067       290.00000       10.000000    
   92.576721      -96.415901       3.9111080       85.644707       27.279949       3.2532322       107.47141       61.176445       290.00000       10.000000    
   78.481339      -91.285599       3.9111080       85.502419       27.326086       3.2940874       114.64267       99.145973       290.00000       10.000000    
   64.385948      -86.155296       3.9111080       85.360008       27.372221       255.56857       42.828938       34.937031       290.00000       10.000000    
   50.290558      -81.024994       3.9111080       85.217484       27.418358       5.4960408       80.968552       27.871479       290.00000       10.000000    
   36.195168      -75.894691       3.9111080       85.074837       27.464493       3.9944632       81.269646       28.206909       290.00000       10.000000    
   22.099777      -70.764389       3.9111080       84.932076       27.510630       3.3810985       67.867020       66.334137       290.00000       10.000000    
   8.0043907      -65.634094       3.9111080       84.789192       27.556765       3.1973245       102.81828       58.272167       290.00000       10.000000    
  -6.0910034      -60.503788       3.9111080       84.646187       27.602901       3.4150000       90.126991       43.061085       290.00000       10.000000    
  -20.186386      -55.373489       3.9111080       84.503067       27.649036       3.2743356       64.318268       22.186430       290.00000       10.000000    
  -34.281776      -50.243187       3.9111080       84.359818       27.695171       3.1596038       50.368450       27.473915       290.00000       10.000000    
  -48.377167      -45.112885       3.9111080       84.216454       27.741308       3.2243035       83.427078       64.679688       290.00000       10.000000    
  -62.472565      -39.982582       3.9111080       84.072968       27.787443       3.0519171       86.007317       46.739338       290.00000       10.000000    
   158.00131      -135.94865       1.3063850       86.301613       26.924438       3.2770340       74.786911       72.046959       290.00000       10.000000    
   143.90591      -130.81836       1.3063850       86.160042       26.970575       3.3168480       53.245842       84.180153       290.00000       10.000000    
   129.81053      -125.68805       1.3063850       86.018356       27.016710       3.5972810       88.249062       78.997826       290.00000       10.000000    
   115.71514      -120.55775       1.3063850       85.876549       27.062847       3.0686567       105.93153       106.15781       290.00000       10.000000    
   101.61975      -115.42744       1.3063850       85.734634       27.108982       3.2197835       71.596397       62.572727       290.00000       10.000000    
   87.524368      -110.29715       1.3063850       85.592598       27.155119       3.0376427       56.776890       110.76525       290.00000       10.000000    
   73.428978      -105.16685       1.3063850       85.450439       27.201254       3.1478782       105.28516       83.717697       290.00000       10.000000    
   59.333588      -100.03654       1.3063850       85.308174       27.247391       3.2578964       60.731079       84.511635       290.00000       10.000000    
   45.238197      -94.906242       1.3063850       85.165787       27.293526       3.2472968       136.98312       29.748226       290.00000       10.000000    
   31.142807      -89.775940       1.3063850       85.023277       27.339663       3.1939323       95.095886       72.167397       290.00000       10.000000    
   17.047417      -84.645638       1.3063850       84.880653       27.385798       3.1279814       72.965202       57.298134       290.00000       10.000000    
   2.9520264      -79.515335       1.3063850       84.737907       27.431934       3.2925925       135.40468       60.006462       290.00000       10.000000    
  -11.143356      -74.385040       1.3063850       84.595047       27.478069       3.1016853       51.336479       31.306562       290.00000       10.000000    
  -25.238747      -69.254738       1.3063850       84.452065       27.524204       3.1914158       48.535748       30.176588       290.00000       10.000000    
  -39.334137      -64.124435       1.3063850       84.308960       27.570341       3.1915834       98.431252       59.302711       290.00000       10.000000    
  -53.429527      -58.994133       1.3063850       84.165741       27.616476       3.3819888       83.102623       26.721542       290.00000       10.000000    
  -67.524918      -53.863831       1.3063850       84.022392       27.662613       3.1301465       71.312340       65.450493       290.00000       10.000000    
