 X_km Y_km D_km lon lat slip_m rake_deg                    timing_sec strike dip
   212.33490       5.2030792       28.004795       86.874535       28.193790       3.0000001       61.581440       39.837261       290.00000       10.000000    
   205.28722       7.7682266       28.004795       86.803078       28.216858       3.5726480       119.26369       25.133089       290.00000       10.000000    
   198.23952       10.333378       28.004795       86.731590       28.239925       4.5317092       58.268120       26.381077       290.00000       10.000000    
   191.19183       12.898529       28.004795       86.660072       28.262993       3.0951390       67.847687       22.434454       290.00000       10.000000    
   184.14413       15.463676       28.004795       86.588524       28.286060       3.4907823       53.494789       28.186106       290.00000       10.000000    
   177.09644       18.028831       28.004795       86.516937       28.309130       3.3146553       61.157539       25.961748       290.00000       10.000000    
   170.04874       20.593979       28.004795       86.445328       28.332197       4.6469688       47.974735       29.803740       290.00000       10.000000    
   163.00104       23.159134       28.004795       86.373688       28.355265       4.5572414       48.390160       38.408051       290.00000       10.000000    
   155.95335       25.724281       28.004795       86.302017       28.378332       3.3697798       90.997551       27.572971       290.00000       10.000000    
   148.90565       28.289436       28.004795       86.230309       28.401402       3.2525876       124.26875       28.319067       290.00000       10.000000    
   141.85796       30.854584       28.004795       86.158577       28.424469       3.1770926       120.43758       28.384039       290.00000       10.000000    
   134.81027       33.419739       28.004795       86.086807       28.447536       3.2557094       120.97172       39.845898       290.00000       10.000000    
   127.76257       35.984886       28.004795       86.015015       28.470604       3.3325105       47.800140       27.655518       290.00000       10.000000    
   120.71487       38.550034       28.004795       85.943184       28.493671       4.0407972       99.162041       39.550648       290.00000       10.000000    
   209.80873      -1.7375488       26.702435       86.847511       28.131374       3.4315896       58.926762       28.444023       290.00000       10.000000    
   202.76103      0.82759857       26.702435       86.776093       28.154442       3.2661374       46.994793       38.500553       290.00000       10.000000    
   195.71335       3.3927498       26.702435       86.704636       28.177509       3.5646448       68.750397       24.751343       290.00000       10.000000    
   188.66565       5.9579010       26.702435       86.633148       28.200577       3.6756728       43.281746       28.771807       290.00000       10.000000    
   181.61795       8.5230522       26.702435       86.561638       28.223646       3.1492355       51.087833       29.118599       290.00000       10.000000    
   174.57025       11.088203       26.702435       86.490089       28.246714       3.0567558       65.137360       20.740238       290.00000       10.000000    
   167.52255       13.653351       26.702435       86.418518       28.269781       3.5240135       41.181419       33.091553       290.00000       10.000000    
   160.47487       16.218506       26.702435       86.346909       28.292849       3.8827710       60.203259       39.363350       290.00000       10.000000    
   153.42717       18.783653       26.702435       86.275269       28.315918       3.3547363       76.363922       23.268751       290.00000       10.000000    
   146.37947       21.348808       26.702435       86.203606       28.338985       4.8841639       42.073914       39.487099       290.00000       10.000000    
   139.33179       23.913956       26.702435       86.131905       28.362053       3.1486564       80.697952       27.925198       290.00000       10.000000    
   132.28409       26.479111       26.702435       86.060173       28.385120       3.6239383       131.49074       38.928349       290.00000       10.000000    
   125.23639       29.044258       26.702435       85.988411       28.408188       4.3447366       88.214401       38.814976       290.00000       10.000000    
   118.18870       31.609406       26.702435       85.916618       28.431257       3.2132087       113.22390       39.400299       290.00000       10.000000    
   207.28255      -8.6781693       25.400072       86.820526       28.068958       3.3945632       51.119827       28.548889       290.00000       10.000000    
   200.23486      -6.1130219       25.400072       86.749138       28.092026       3.3943951       81.059708       39.267162       290.00000       10.000000    
   193.18716      -3.5478706       25.400072       86.677719       28.115093       3.5404744       52.262093       19.635090       290.00000       10.000000    
   186.13947     -0.98271942       25.400072       86.606270       28.138163       3.4394107       97.491768       34.601547       290.00000       10.000000    
   179.09177       1.5824318       25.400072       86.534790       28.161230       3.1318069       116.42351       35.506905       290.00000       10.000000    
   172.04407       4.1475830       25.400072       86.463280       28.184298       3.8019197       43.832462       18.291363       290.00000       10.000000    
   164.99638       6.7127342       25.400072       86.391739       28.207365       3.3699892       45.464764       28.021055       290.00000       10.000000    
   157.94868       9.2778816       25.400072       86.320168       28.230434       3.3412063       62.684536       29.266018       290.00000       10.000000    
   150.90099       11.843033       25.400072       86.248566       28.253502       3.3231821       57.307190       34.293121       290.00000       10.000000    
   143.85330       14.408188       25.400072       86.176933       28.276569       3.7233825       70.351974       39.771267       290.00000       10.000000    
   136.80560       16.973335       25.400072       86.105270       28.299637       3.0340817       59.360603       33.075336       290.00000       10.000000    
   129.75790       19.538483       25.400072       86.033569       28.322704       3.6112225       118.06202       38.901436       290.00000       10.000000    
   122.71021       22.103638       25.400072       85.961845       28.345774       4.3915296       58.304325       38.222431       290.00000       10.000000    
   115.66251       24.668785       25.400072       85.890091       28.368841       3.9223070       104.34128       39.088497       290.00000       10.000000    
   204.75638      -15.618797       24.097710       86.793564       28.006542       3.0975647       60.717228       36.013134       290.00000       10.000000    
   197.70868      -13.053650       24.097710       86.722214       28.029610       3.7055919       82.156410       38.077728       290.00000       10.000000    
   190.66098      -10.488499       24.097710       86.650833       28.052679       3.7625194       78.564423       38.657833       290.00000       10.000000    
   183.61328      -7.9233475       24.097710       86.579414       28.075747       3.1070888       56.891403       24.851656       290.00000       10.000000    
   176.56558      -5.3581963       24.097710       86.507973       28.098814       3.6379454       46.222790       32.787640       290.00000       10.000000    
   169.51790      -2.7930450       24.097710       86.436493       28.121881       3.6984801       44.545956       20.627005       290.00000       10.000000    
   162.47020     -0.22789383       24.097710       86.364990       28.144951       3.6424165       61.312248       38.693542       290.00000       10.000000    
   155.42250       2.3372536       24.097710       86.293457       28.168018       3.6984777       84.225044       35.642685       290.00000       10.000000    
   148.37482       4.9024048       24.097710       86.221886       28.191086       3.2258389       111.63752       30.284338       290.00000       10.000000    
   141.32712       7.4675560       24.097710       86.150291       28.214153       3.3749263       97.630814       39.558056       290.00000       10.000000    
   134.27942       10.032707       24.097710       86.078667       28.237221       3.4630721       125.14659       28.080763       290.00000       10.000000    
   127.23173       12.597858       24.097710       86.007004       28.260290       3.4222226       137.64302       35.717796       290.00000       10.000000    
   120.18403       15.163010       24.097710       85.935318       28.283358       3.7034395       98.065140       39.695362       290.00000       10.000000    
   113.13634       17.728157       24.097710       85.863594       28.306425       3.2956636       77.283463       39.765274       290.00000       10.000000    
   202.23019      -22.559423       22.795349       86.766647       27.944126       3.7534614       58.673046       36.141468       290.00000       10.000000    
   195.18250      -19.994274       22.795349       86.695328       27.967196       10.568953       46.467072       23.224001       290.00000       10.000000    
   188.13480      -17.429123       22.795349       86.623978       27.990263       4.0094519       66.599808       35.973862       290.00000       10.000000    
   181.08710      -14.863972       22.795349       86.552597       28.013330       3.3400202       112.96872       23.527676       290.00000       10.000000    
   174.03940      -12.298820       22.795349       86.481186       28.036398       4.5647883       58.674614       23.062286       290.00000       10.000000    
   166.99171      -9.7336693       22.795349       86.409744       28.059467       3.4373183       77.434830       32.610058       290.00000       10.000000    
   159.94402      -7.1685181       22.795349       86.338280       28.082535       3.4108174       109.67319       38.108112       290.00000       10.000000    
   152.89633      -4.6033707       22.795349       86.266777       28.105602       3.5609374       56.523113       29.771835       290.00000       10.000000    
   145.84863      -2.0382195       22.795349       86.195244       28.128670       3.6258893       67.434021       23.944611       290.00000       10.000000    
   138.80093      0.52693176       22.795349       86.123680       28.151737       3.5483274       71.421371       37.193764       290.00000       10.000000    
   131.75323       3.0920830       22.795349       86.052094       28.174807       3.6176779       69.909836       38.668762       290.00000       10.000000    
   124.70554       5.6572342       22.795349       85.980469       28.197874       3.4790475       109.45567       32.006020       290.00000       10.000000    
   117.65785       8.2223854       22.795349       85.908813       28.220942       3.8735714       89.099037       39.266396       290.00000       10.000000    
   110.61015       10.787537       22.795349       85.837128       28.244009       4.1756606       88.847771       39.776672       290.00000       10.000000    
   199.70401      -29.500048       21.492989       86.739754       27.881712       3.8340201       85.106445       37.805626       290.00000       10.000000    
   192.65631      -26.934898       21.492989       86.668472       27.904779       3.3057218       96.841095       38.133682       290.00000       10.000000    
   185.60861      -24.369747       21.492989       86.597160       27.927847       3.4087014       61.859447       28.464645       290.00000       10.000000    
   178.56091      -21.804596       21.492989       86.525810       27.950914       3.1641161       59.236824       35.737957       290.00000       10.000000    
   171.51323      -19.239445       21.492989       86.454437       27.973982       4.4567704       41.996483       35.808399       290.00000       10.000000    
   164.46553      -16.674294       21.492989       86.383034       27.997051       3.2314808       88.121834       35.534634       290.00000       10.000000    
   157.41783      -14.109142       21.492989       86.311600       28.020119       4.0246940       48.548203       22.012449       290.00000       10.000000    
   150.37015      -11.543995       21.492989       86.240135       28.043186       3.2616959       65.275459       22.300255       290.00000       10.000000    
   143.32245      -8.9788437       21.492989       86.168633       28.066254       3.3211415       40.588917       21.652670       290.00000       10.000000    
   136.27475      -6.4136925       21.492989       86.097107       28.089323       4.0873632       55.416473       20.111170       290.00000       10.000000    
   129.22707      -3.8485413       21.492989       86.025551       28.112391       3.3774076       69.566467       20.613190       290.00000       10.000000    
   122.17937      -1.2833900       21.492989       85.953964       28.135458       3.8333864       99.155632       35.993084       290.00000       10.000000    
   115.13167       1.2817612       21.492989       85.882347       28.158525       4.6069069       73.347610       38.355827       290.00000       10.000000    
   108.08397       3.8469086       21.492989       85.810699       28.181593       3.9447534       57.268082       37.344971       290.00000       10.000000    
   197.17783      -36.440666       20.190626       86.712898       27.819296       3.5827565       50.048485       37.046856       290.00000       10.000000    
   190.13013      -33.875519       20.190626       86.641647       27.842363       3.3323274       117.74199       37.639263       290.00000       10.000000    
   183.08244      -31.310368       20.190626       86.570374       27.865431       5.6781535       46.390545       22.396343       290.00000       10.000000    
   176.03474      -28.745216       20.190626       86.499062       27.888498       4.4372201       41.614063       21.907022       290.00000       10.000000    
   168.98705      -26.180065       20.190626       86.427719       27.911568       3.1890128       115.43768       35.030518       290.00000       10.000000    
   161.93936      -23.614916       20.190626       86.356354       27.934635       3.5596828       48.722809       22.933382       290.00000       10.000000    
   154.89166      -21.049765       20.190626       86.284950       27.957703       3.9976602       47.338264       11.731330       290.00000       10.000000    
   147.84396      -18.484615       20.190626       86.213516       27.980770       3.1696131       95.224861       8.1721354       290.00000       10.000000    
   140.79626      -15.919464       20.190626       86.142059       28.003839       3.9519701       90.996292       11.766222       290.00000       10.000000    
   133.74858      -13.354313       20.190626       86.070564       28.026907       3.5751064       43.180016       15.718596       290.00000       10.000000    
   126.70088      -10.789162       20.190626       85.999046       28.049974       3.6915951       41.254875       22.224459       290.00000       10.000000    
   119.65318      -8.2240105       20.190626       85.927490       28.073042       3.3818359       79.013573       23.411459       290.00000       10.000000    
   112.60549      -5.6588593       20.190626       85.855911       28.096109       3.9698386       111.81811       22.818544       290.00000       10.000000    
   105.55780      -3.0937119       20.190626       85.784294       28.119179       3.5348613       53.300781       38.572849       290.00000       10.000000    
   194.65164      -43.381294       18.888266       86.686081       27.756880       4.2311177       70.715256       39.851612       290.00000       10.000000    
   187.60394      -40.816147       18.888266       86.614861       27.779947       3.8100030       116.38757       37.864727       290.00000       10.000000    
   180.55626      -38.250996       18.888266       86.543617       27.803015       3.6410134       94.220139       37.075233       290.00000       10.000000    
   173.50856      -35.685844       18.888266       86.472343       27.826084       4.2767510       116.96236       37.285301       290.00000       10.000000    
   166.46086      -33.120693       18.888266       86.401039       27.849152       4.3755975       65.875198       21.884464       290.00000       10.000000    
   159.41318      -30.555544       18.888266       86.329704       27.872219       3.8469856       58.335316       21.029200       290.00000       10.000000    
   152.36548      -27.990393       18.888266       86.258339       27.895287       3.8754821       43.386684       11.001575       290.00000       10.000000    
   145.31778      -25.425241       18.888266       86.186943       27.918356       3.6890025       41.360329       10.895529       290.00000       10.000000    
   138.27010      -22.860090       18.888266       86.115517       27.941423       3.1408782       41.550442       10.423922       290.00000       10.000000    
   131.22240      -20.294941       18.888266       86.044060       27.964491       3.5442050       51.436615       11.043102       290.00000       10.000000    
   124.17470      -17.729790       18.888266       85.972572       27.987558       3.3399665       51.725716       11.227171       290.00000       10.000000    
   117.12701      -15.164639       18.888266       85.901054       28.010626       4.0517073       48.695587       7.6879272       290.00000       10.000000    
   110.07931      -12.599487       18.888266       85.829506       28.033695       3.1652071       94.120689       24.162178       290.00000       10.000000    
   103.03162      -10.034340       18.888266       85.757927       28.056763       4.1701593       74.244972       39.182106       290.00000       10.000000    
   192.12546      -50.321918       17.585903       86.659286       27.694464       3.4771369       97.256050       38.610909       290.00000       10.000000    
   185.07777      -47.756767       17.585903       86.588112       27.717531       3.9004948       115.27893       23.965410       290.00000       10.000000    
   178.03008      -45.191620       17.585903       86.516899       27.740601       5.2028842       50.241390       23.165792       290.00000       10.000000    
   170.98238      -42.626465       17.585903       86.445656       27.763668       3.4737635       70.621986       15.623407       290.00000       10.000000    
   163.93469      -40.061317       17.585903       86.374390       27.786736       4.8039999       116.02664       25.193960       290.00000       10.000000    
   156.88699      -37.496166       17.585903       86.303085       27.809803       6.7301779       71.799690       23.499332       290.00000       10.000000    
   149.83929      -34.931015       17.585903       86.231750       27.832872       4.0205250       54.684761       10.163751       290.00000       10.000000    
   142.79161      -32.365864       17.585903       86.160393       27.855940       3.2338135       43.277805       3.5779629       290.00000       10.000000    
   135.74391      -29.800713       17.585903       86.089005       27.879007       152.00725       75.311661       1.9821142       290.00000       10.000000    
   128.69621      -27.235563       17.585903       86.017578       27.902075       5.1002722       44.602596       2.9477556       290.00000       10.000000    
   121.64852      -24.670412       17.585903       85.946129       27.925142       8.7864647       41.083145       4.6293092       290.00000       10.000000    
   114.60082      -22.105261       17.585903       85.874649       27.948212       3.3426697       63.593346       14.040201       290.00000       10.000000    
   107.55313      -19.540112       17.585903       85.803139       27.971279       3.2416306       43.635113       24.035990       290.00000       10.000000    
   100.50543      -16.974960       17.585903       85.731590       27.994347       5.2888184       48.988163       38.147232       290.00000       10.000000    
   189.59929      -57.262543       16.283543       86.632530       27.632048       4.0111899       83.152573       37.998142       290.00000       10.000000    
   182.55159      -54.697392       16.283543       86.561386       27.655117       5.5573955       52.394344       23.424013       290.00000       10.000000    
   175.50391      -52.132240       16.283543       86.490211       27.678185       4.4977160       89.365646       22.224936       290.00000       10.000000    
   168.45621      -49.567093       16.283543       86.419006       27.701252       3.5842237       127.11453       21.090683       290.00000       10.000000    
   161.40851      -47.001942       16.283543       86.347771       27.724319       4.3203506       92.496414       13.181692       290.00000       10.000000    
   154.36081      -44.436790       16.283543       86.276505       27.747389       68.919304       79.596039       9.4983101       290.00000       10.000000    
   147.31311      -41.871639       16.283543       86.205208       27.770456       153.38673       82.133278       3.9792192       290.00000       10.000000    
   140.26543      -39.306488       16.283543       86.133881       27.793524       305.13992       88.268211       1.9977566       290.00000       10.000000    
   133.21773      -36.741337       16.283543       86.062523       27.816591       299.46756       111.05158       0.0000000       290.00000       10.000000    
   126.17004      -34.176186       16.283543       85.991135       27.839659       151.93520       93.007324       2.4780712       290.00000       10.000000    
   119.12234      -31.611036       16.283543       85.919716       27.862728       150.80315       52.298615       3.9858565       290.00000       10.000000    
   112.07465      -29.045885       16.283543       85.848274       27.885796       64.963516       40.189259       5.9622102       290.00000       10.000000    
   105.02695      -26.480736       16.283543       85.776794       27.908863       3.7734482       45.208939       18.039364       290.00000       10.000000    
   97.979256      -23.915585       16.283543       85.705292       27.931931       3.8165185       50.237675       37.486759       290.00000       10.000000    
   187.07310      -64.203171       14.981180       86.605812       27.569633       3.6433320       92.862724       23.196259       290.00000       10.000000    
   180.02542      -61.638016       14.981180       86.534698       27.592701       3.6459734       87.297592       23.383661       290.00000       10.000000    
   172.97772      -59.072868       14.981180       86.463554       27.615768       3.4786537       110.45737       23.751307       290.00000       10.000000    
   165.93002      -56.507713       14.981180       86.392380       27.638836       4.2684174       69.309204       24.977968       290.00000       10.000000    
   158.88232      -53.942566       14.981180       86.321182       27.661903       4.8552642       43.167053       19.788359       290.00000       10.000000    
   151.83463      -51.377415       14.981180       86.249947       27.684973       56.131107       49.676712       12.961558       290.00000       10.000000    
   144.78694      -48.812263       14.981180       86.178688       27.708040       447.03851       103.14807       6.0277014       290.00000       10.000000    
   137.73924      -46.247112       14.981180       86.107399       27.731108       449.31857       105.30676       2.9368083       290.00000       10.000000    
   130.69154      -43.681961       14.981180       86.036072       27.754175       448.96179       112.56865       1.9762263       290.00000       10.000000    
   123.64385      -41.116814       14.981180       85.964722       27.777245       162.72083       110.14410       2.9082320       290.00000       10.000000    
   116.59616      -38.551659       14.981180       85.893341       27.800312       3.6113641       41.173653       8.5201588       290.00000       10.000000    
   109.54846      -35.986511       14.981180       85.821930       27.823380       24.427612       40.309013       7.5822482       290.00000       10.000000    
   102.50077      -33.421360       14.981180       85.750488       27.846447       3.6035154       43.374153       28.327747       290.00000       10.000000    
   95.453072      -30.856209       14.981180       85.679016       27.869516       4.0995455       41.706108       15.286276       290.00000       10.000000    
   184.54694      -71.143791       13.678820       86.579117       27.507217       3.9461653       112.00124       19.209253       290.00000       10.000000    
   177.49924      -68.578644       13.678820       86.508041       27.530285       5.3784342       90.051659       22.333635       290.00000       10.000000    
   170.45154      -66.013489       13.678820       86.436935       27.553352       3.7017479       82.273247       24.905285       290.00000       10.000000    
   163.40384      -63.448341       13.678820       86.365791       27.576420       3.4673479       72.721725       24.486752       290.00000       10.000000    
   156.35614      -60.883186       13.678820       86.294624       27.599489       4.0684104       43.859356       27.314034       290.00000       10.000000    
   149.30846      -58.318039       13.678820       86.223427       27.622557       3.8115346       45.863079       22.850929       290.00000       10.000000    
   142.26076      -55.752888       13.678820       86.152199       27.645624       3.1796932       44.815491       12.383966       290.00000       10.000000    
   135.21306      -53.187737       13.678820       86.080948       27.668692       4.1046882       132.31157       15.028016       290.00000       10.000000    
   128.16537      -50.622585       13.678820       86.009659       27.691761       128.25510       139.95308       7.3639846       290.00000       10.000000    
   121.11768      -48.057434       13.678820       85.938339       27.714828       3.2869592       51.487209       9.6648617       290.00000       10.000000    
   114.06998      -45.492287       13.678820       85.866997       27.737896       3.2656162       52.955425       8.7523785       290.00000       10.000000    
   107.02229      -42.927132       13.678820       85.795616       27.760963       51.078514       40.019722       10.911479       290.00000       10.000000    
   99.974586      -40.361984       13.678820       85.724213       27.784031       3.6231585       40.571388       20.791924       290.00000       10.000000    
   92.926895      -37.796833       13.678820       85.652771       27.807100       3.9852614       47.866390       10.699399       290.00000       10.000000    
   182.02075      -78.084412       12.376457       86.552460       27.444801       4.4603620       60.422028       21.156199       290.00000       10.000000    
   174.97305      -75.519264       12.376457       86.481415       27.467869       3.5386643       72.026810       21.896923       290.00000       10.000000    
   167.92535      -72.954117       12.376457       86.410339       27.490936       4.0184722       100.75779       22.747339       290.00000       10.000000    
   160.87766      -70.388962       12.376457       86.339241       27.514006       3.7305686       73.969917       38.701077       290.00000       10.000000    
   153.82997      -67.823814       12.376457       86.268105       27.537073       3.2611866       45.450527       35.306320       290.00000       10.000000    
   146.78227      -65.258659       12.376457       86.196938       27.560141       3.1777687       45.293011       13.057993       290.00000       10.000000    
   139.73457      -62.693512       12.376457       86.125748       27.583208       3.5064254       41.351463       9.4583950       290.00000       10.000000    
   132.68689      -60.128361       12.376457       86.054527       27.606277       3.2187073       137.07233       6.7710838       290.00000       10.000000    
   125.63919      -57.563210       12.376457       85.983276       27.629345       3.2971742       138.97870       17.553368       290.00000       10.000000    
   118.59149      -54.998058       12.376457       85.911987       27.652412       3.6963813       136.01398       23.362486       290.00000       10.000000    
   111.54380      -52.432907       12.376457       85.840675       27.675480       27.226105       40.107601       12.435121       290.00000       10.000000    
   104.49610      -49.867760       12.376457       85.769341       27.698547       57.800480       40.360466       27.271568       290.00000       10.000000    
   97.448410      -47.302608       12.376457       85.697968       27.721617       18.666521       40.422970       9.9889469       290.00000       10.000000    
   90.400711      -44.737457       12.376457       85.626564       27.744684       3.6299846       46.582481       30.900263       290.00000       10.000000    
   179.49457      -85.025040       11.074097       86.525833       27.382385       4.3418975       97.536819       23.943909       290.00000       10.000000    
   172.44687      -82.459885       11.074097       86.454826       27.405453       3.4468615       90.296432       25.770992       290.00000       10.000000    
   165.39917      -79.894737       11.074097       86.383781       27.428522       3.8180461       46.177391       17.421553       290.00000       10.000000    
   158.35149      -77.329590       11.074097       86.312714       27.451590       4.0619583       130.67891       20.319235       290.00000       10.000000    
   151.30379      -74.764435       11.074097       86.241615       27.474657       3.4720185       72.441902       22.130096       290.00000       10.000000    
   144.25609      -72.199287       11.074097       86.170486       27.497725       3.4289014       88.600952       23.701710       290.00000       10.000000    
   137.20839      -69.634140       11.074097       86.099327       27.520794       3.5939298       45.344608       31.030138       290.00000       10.000000    
   130.16071      -67.068985       11.074097       86.028137       27.543861       3.5817053       40.695843       10.500691       290.00000       10.000000    
   123.11301      -64.503838       11.074097       85.956917       27.566929       3.2009556       42.803501       29.346977       290.00000       10.000000    
   116.06532      -61.938683       11.074097       85.885674       27.589996       3.3757646       42.861263       12.291520       290.00000       10.000000    
   109.01762      -59.373535       11.074097       85.814392       27.613064       14.390721       42.947887       19.765270       290.00000       10.000000    
   101.96992      -56.808380       11.074097       85.743088       27.636133       49.061665       42.964592       37.234516       290.00000       10.000000    
   94.922226      -54.243233       11.074097       85.671753       27.659201       4.8124189       40.620129       19.719942       290.00000       10.000000    
   87.874535      -51.678082       11.074097       85.600380       27.682268       3.6448233       50.896805       20.771055       290.00000       10.000000    
   176.96838      -91.965660       9.7717342       86.499245       27.319969       3.6964998       95.560631       21.806314       290.00000       10.000000    
   169.92068      -89.400513       9.7717342       86.428268       27.343039       4.1178641       41.738861       31.554508       290.00000       10.000000    
   162.87300      -86.835358       9.7717342       86.357262       27.366106       3.3900480       70.025467       31.448513       290.00000       10.000000    
   155.82530      -84.270210       9.7717342       86.286224       27.389174       3.8341851       63.703857       22.483294       290.00000       10.000000    
   148.77760      -81.705063       9.7717342       86.215157       27.412241       3.3296831       113.34626       32.929192       290.00000       10.000000    
   141.72990      -79.139908       9.7717342       86.144058       27.435310       3.3698864       96.703194       37.822929       290.00000       10.000000    
   134.68222      -76.574760       9.7717342       86.072937       27.458378       26.193293       61.784168       20.794193       290.00000       10.000000    
   127.63452      -74.009605       9.7717342       86.001785       27.481445       81.237343       47.111485       33.052223       290.00000       10.000000    
   120.58682      -71.444458       9.7717342       85.930595       27.504513       5.1756210       43.497097       36.863232       290.00000       10.000000    
   113.53913      -68.879303       9.7717342       85.859383       27.527580       15.074316       42.727814       35.136410       290.00000       10.000000    
   106.49144      -66.314156       9.7717342       85.788139       27.550650       5.7892375       49.009872       37.410240       290.00000       10.000000    
   99.443741      -63.749004       9.7717342       85.716873       27.573717       4.3803444       46.562550       19.543034       290.00000       10.000000    
   92.396049      -61.183853       9.7717342       85.645569       27.596785       59.803230       58.255352       39.810669       290.00000       10.000000    
   85.348351      -58.618706       9.7717342       85.574234       27.619852       6.3041496       82.871948       39.586124       290.00000       10.000000    
   174.44220      -98.906288       8.4693737       86.472679       27.257555       4.3324828       127.81801       39.360939       290.00000       10.000000    
   167.39450      -96.341141       8.4693737       86.401733       27.280622       3.3033864       124.57903       24.307297       290.00000       10.000000    
   160.34682      -93.775986       8.4693737       86.330765       27.303690       3.5184071       63.159603       21.050699       290.00000       10.000000    
   153.29912      -91.210838       8.4693737       86.259758       27.326757       3.3023129       41.320034       36.061176       290.00000       10.000000    
   146.25142      -88.645691       8.4693737       86.188728       27.349827       4.7902279       120.25286       21.390289       290.00000       10.000000    
   139.20374      -86.080536       8.4693737       86.117668       27.372894       4.0461788       66.244057       22.285343       290.00000       10.000000    
   132.15604      -83.515381       8.4693737       86.046577       27.395962       4.5291586       57.118713       20.661312       290.00000       10.000000    
   125.10834      -80.950233       8.4693737       85.975456       27.419029       5.0421658       66.200676       19.306608       290.00000       10.000000    
   118.06065      -78.385086       8.4693737       85.904312       27.442097       4.5708823       81.128838       38.136868       290.00000       10.000000    
   111.01295      -75.819931       8.4693737       85.833130       27.465166       3.5568159       67.054314       34.095337       290.00000       10.000000    
   103.96526      -73.254784       8.4693737       85.761925       27.488234       3.7627547       110.42062       19.907103       290.00000       10.000000    
   96.917557      -70.689636       8.4693737       85.690681       27.511301       3.2365918       115.38757       23.191696       290.00000       10.000000    
   89.869865      -68.124481       8.4693737       85.619415       27.534369       3.6753314       96.497002       22.825821       290.00000       10.000000    
   82.822174      -65.559334       8.4693737       85.548119       27.557438       4.5573692       101.14284       21.851076       290.00000       10.000000    
   171.91603      -105.84691       7.1670117       86.446152       27.195139       4.1099353       103.71571       25.506758       290.00000       10.000000    
   164.86833      -103.28176       7.1670117       86.375244       27.218206       3.5096788       45.218906       29.178444       290.00000       10.000000    
   157.82063      -100.71661       7.1670117       86.304298       27.241274       3.2745531       68.662560       29.338078       290.00000       10.000000    
   150.77293      -98.151459       7.1670117       86.233330       27.264343       3.5426292       61.472771       30.559914       290.00000       10.000000    
   143.72525      -95.586304       7.1670117       86.162338       27.287411       3.5267336       102.59016       30.528969       290.00000       10.000000    
   136.67755      -93.021156       7.1670117       86.091309       27.310478       3.8211987       52.578526       15.281380       290.00000       10.000000    
   129.62985      -90.456009       7.1670117       86.020248       27.333546       3.4697123       101.32436       19.940691       290.00000       10.000000    
   122.58216      -87.890854       7.1670117       85.949165       27.356613       4.3257966       124.28461       20.950668       290.00000       10.000000    
   115.53447      -85.325706       7.1670117       85.878052       27.379683       3.7255831       83.497559       39.429420       290.00000       10.000000    
   108.48677      -82.760559       7.1670117       85.806908       27.402750       3.9004080       134.64357       22.010481       290.00000       10.000000    
   101.43908      -80.195404       7.1670117       85.735733       27.425817       3.1461668       116.69711       29.801781       290.00000       10.000000    
   94.391388      -77.630249       7.1670117       85.664528       27.448885       4.0688357       88.349045       37.760326       290.00000       10.000000    
   87.343689      -75.065102       7.1670117       85.593292       27.471954       3.5845370       120.85719       34.549110       290.00000       10.000000    
   80.295990      -72.499954       7.1670117       85.522034       27.495022       4.2433448       92.207153       34.265152       290.00000       10.000000    
   169.38985      -112.78754       5.8646507       86.419655       27.132723       4.6389561       63.785946       23.559727       290.00000       10.000000    
   162.34215      -110.22238       5.8646507       86.348778       27.155790       3.5239356       46.811176       27.888678       290.00000       10.000000    
   155.29445      -107.65723       5.8646507       86.277870       27.178860       3.3753083       104.82601       29.253618       290.00000       10.000000    
   148.24677      -105.09209       5.8646507       86.206932       27.201927       3.9319456       111.50197       31.120085       290.00000       10.000000    
   141.19907      -102.52693       5.8646507       86.135971       27.224995       3.5221033       96.236923       21.279240       290.00000       10.000000    
   134.15137      -99.961777       5.8646507       86.064980       27.248062       3.5597284       74.733620       32.722580       290.00000       10.000000    
   127.10368      -97.396629       5.8646507       85.993958       27.271130       3.1125379       132.79924       18.708466       290.00000       10.000000    
   120.05598      -94.831482       5.8646507       85.922905       27.294199       3.2442460       123.59064       34.293510       290.00000       10.000000    
   113.00829      -92.266327       5.8646507       85.851822       27.317266       3.9881365       121.19953       29.465637       290.00000       10.000000    
   105.96059      -89.701180       5.8646507       85.780708       27.340334       3.6400230       115.74911       20.801525       290.00000       10.000000    
   98.912895      -87.136032       5.8646507       85.709572       27.363401       3.4963357       99.519714       33.510426       290.00000       10.000000    
   91.865204      -84.570877       5.8646507       85.638405       27.386471       3.5139704       43.077637       34.038273       290.00000       10.000000    
   84.817505      -82.005722       5.8646507       85.567200       27.409538       5.2127180       72.721817       36.429337       290.00000       10.000000    
   77.769814      -79.440575       5.8646507       85.495972       27.432606       3.3065593       117.91984       21.904459       290.00000       10.000000    
   166.86366      -119.72816       4.5622892       86.393188       27.070307       4.5857844       43.471790       24.130625       290.00000       10.000000    
   159.81596      -117.16301       4.5622892       86.322342       27.093374       3.5725479       42.376122       28.908342       290.00000       10.000000    
   152.76828      -114.59785       4.5622892       86.251472       27.116444       3.4048643       86.756790       32.364922       290.00000       10.000000    
   145.72058      -112.03271       4.5622892       86.180573       27.139511       3.7060306       134.10194       23.707291       290.00000       10.000000    
   138.67288      -109.46756       4.5622892       86.109642       27.162579       4.1300473       83.906960       36.695202       290.00000       10.000000    
   131.62518      -106.90240       4.5622892       86.038681       27.185646       3.6403482       61.466530       36.498325       290.00000       10.000000    
   124.57750      -104.33725       4.5622892       85.967690       27.208715       3.2360327       126.58566       20.914173       290.00000       10.000000    
   117.52980      -101.77211       4.5622892       85.896675       27.231783       3.5638373       73.548248       33.746960       290.00000       10.000000    
   110.48210      -99.206955       4.5622892       85.825623       27.254850       3.2520301       86.787621       36.066956       290.00000       10.000000    
   103.43441      -96.641800       4.5622892       85.754547       27.277918       3.4416554       109.77427       33.164379       290.00000       10.000000    
   96.386719      -94.076653       4.5622892       85.683441       27.300987       3.6343906       87.373550       19.330290       290.00000       10.000000    
   89.339020      -91.511505       4.5622892       85.612305       27.324055       3.4055734       138.30045       21.671410       290.00000       10.000000    
   82.291328      -88.946350       4.5622892       85.541145       27.347122       4.0094357       88.177704       20.424597       290.00000       10.000000    
   75.243629      -86.381203       4.5622892       85.469948       27.370190       3.3126070       70.009071       36.679836       290.00000       10.000000    
   164.33748      -126.66879       3.2599277       86.366753       27.007891       3.5113502       116.30629       29.555304       290.00000       10.000000    
   157.28979      -124.10364       3.2599277       86.295944       27.030960       3.2583480       55.657604       38.076077       290.00000       10.000000    
   150.24210      -121.53848       3.2599277       86.225105       27.054028       3.2969573       128.47580       36.814514       290.00000       10.000000    
   143.19440      -118.97334       3.2599277       86.154236       27.077095       3.2560518       95.628296       32.841797       290.00000       10.000000    
   136.14670      -116.40819       3.2599277       86.083336       27.100163       4.0978956       123.89979       31.615082       290.00000       10.000000    
   129.09901      -113.84303       3.2599277       86.012413       27.123232       3.5007045       59.180168       27.641184       290.00000       10.000000    
   122.05132      -111.27788       3.2599277       85.941460       27.146299       4.0900812       67.193756       22.845980       290.00000       10.000000    
   115.00362      -108.71274       3.2599277       85.870468       27.169367       3.3247774       54.416504       23.202677       290.00000       10.000000    
   107.95592      -106.14758       3.2599277       85.799461       27.192434       3.5053918       134.57352       20.150723       290.00000       10.000000    
   100.90823      -103.58243       3.2599277       85.728416       27.215502       3.8533144       87.912567       31.882296       290.00000       10.000000    
   93.860535      -101.01728       3.2599277       85.657341       27.238571       3.4732862       85.898834       38.077560       290.00000       10.000000    
   86.812843      -98.452133       3.2599277       85.586243       27.261639       3.2653627       75.750671       34.330627       290.00000       10.000000    
   79.765144      -95.886978       3.2599277       85.515114       27.284706       4.2748680       54.738102       38.835167       290.00000       10.000000    
   72.717453      -93.321831       3.2599277       85.443954       27.307774       3.5974202       51.326801       38.984066       290.00000       10.000000    
   161.81131      -133.60941       1.9575663       86.340347       26.945477       3.2314618       102.01521       27.209352       290.00000       10.000000    
   154.76361      -131.04425       1.9575663       86.269569       26.968544       3.2414908       96.570053       29.194994       290.00000       10.000000    
   147.71591      -128.47911       1.9575663       86.198769       26.991611       3.5132449       108.83279       30.690676       290.00000       10.000000    
   140.66821      -125.91396       1.9575663       86.127930       27.014679       3.4214969       54.344612       31.035694       290.00000       10.000000    
   133.62053      -123.34881       1.9575663       86.057068       27.037748       4.0401359       84.700775       27.408482       290.00000       10.000000    
   126.57283      -120.78365       1.9575663       85.986176       27.060816       3.0404191       62.886147       33.344440       290.00000       10.000000    
   119.52513      -118.21851       1.9575663       85.915253       27.083883       3.3365512       84.587769       28.411348       290.00000       10.000000    
   112.47744      -115.65335       1.9575663       85.844299       27.106951       3.1387527       61.199707       22.936255       290.00000       10.000000    
   105.42975      -113.08820       1.9575663       85.773323       27.130018       3.2922156       85.024933       31.774687       290.00000       10.000000    
   98.382050      -110.52306       1.9575663       85.702316       27.153088       3.6081223       98.479950       31.616640       290.00000       10.000000    
   91.334358      -107.95790       1.9575663       85.631279       27.176155       3.6454039       115.14175       37.699184       290.00000       10.000000    
   84.286659      -105.39275       1.9575663       85.560211       27.199223       3.1483481       103.39436       36.256474       290.00000       10.000000    
   77.238968      -102.82760       1.9575663       85.489113       27.222290       3.6870356       136.09999       27.817919       290.00000       10.000000    
   70.191269      -100.26245       1.9575663       85.417984       27.245359       3.7621002       112.95032       30.169296       290.00000       10.000000    
   159.28513      -140.55003      0.65520477       86.313980       26.883060       3.4296718       104.75863       39.685677       290.00000       10.000000    
   152.23743      -137.98489      0.65520477       86.243233       26.906128       3.2150326       65.064842       38.942341       290.00000       10.000000    
   145.18973      -135.41974      0.65520477       86.172462       26.929195       3.8322146       102.17466       34.673714       290.00000       10.000000    
   138.14204      -132.85458      0.65520477       86.101654       26.952263       3.8568971       96.604790       36.068279       290.00000       10.000000    
   131.09435      -130.28943      0.65520477       86.030830       26.975332       3.3936014       86.169586       34.026077       290.00000       10.000000    
   124.04665      -127.72428      0.65520477       85.959969       26.998400       3.5039134       76.680183       30.676352       290.00000       10.000000    
   116.99895      -125.15913      0.65520477       85.889084       27.021467       3.3095913       78.619812       39.248768       290.00000       10.000000    
   109.95126      -122.59398      0.65520477       85.818161       27.044535       3.3971729       63.083603       36.270302       290.00000       10.000000    
   102.90356      -120.02883      0.65520477       85.747215       27.067604       4.1997204       84.778755       35.533886       290.00000       10.000000    
   95.855873      -117.46368      0.65520477       85.676239       27.090672       3.4262195       50.760979       32.714645       290.00000       10.000000    
   88.808174      -114.89853      0.65520477       85.605240       27.113739       3.3344293       50.214767       24.055073       290.00000       10.000000    
   81.760483      -112.33337      0.65520477       85.534203       27.136806       3.7825906       132.82661       36.796181       290.00000       10.000000    
   74.712784      -109.76823      0.65520477       85.463142       27.159876       3.1744220       85.137810       35.523342       290.00000       10.000000    
   67.665092      -107.20308      0.65520477       85.392052       27.182943       3.6593020       56.191872       32.944965       290.00000       10.000000    
